1559643645 0 1 0
1559646065 0 2 0
1559651315 0 2 1
1559902399 0 2 2
1559904835 0 2 3
1560185000 0 2 4
1560186067 0 2 5
1560197731 0 3 5
1560198899 0 3 6
1560278214 0 4 6
1560280849 1 4 6
1560281993 2 4 6
1560339159 3 4 6
1560343640 4 4 6
1560424717 5 4 6
1560424880 6 4 6
1560425028 7 4 6
1560437974 8 4 6
1560440447 9 4 6
1560440834 10 4 6
1560464555 11 4 6
1560506936 11 5 6
1560509398 11 6 6
1560509598 11 7 6
1560521606 11 8 6
1560521756 11 9 6
1560534076 12 9 6
1560534154 13 9 6
1560534687 14 9 6
1560535054 15 9 6
1560535200 16 9 6
1560535422 17 9 6
1560535480 18 9 6
1560535553 19 9 6
1560536742 20 9 6
1560536895 21 9 6
1560537175 22 9 6
