1559643645 59
1559646065 63
1559651315 92
1559902399 140
1559904835 145
1560185000 257
1560186067 257
1560197731 253
1560198899 281
1560278214 433
1560280849 661
1560281993 662
1560339159 930
1560343640 940
1560424717 975
1560424880 976
1560425028 976
1560437974 1001
1560440447 1002
1560440834 1002
1560464555 1024
1560506936 1029
1560509398 1032
1560509598 1031
1560521606 1034
1560521756 1034
1560534076 1044
1560534154 1044
1560534687 1047
1560535054 1050
1560535200 1051
1560535422 1054
1560535480 1054
1560535553 1054
1560536742 1055
1560536895 1056
1560537175 1054
