1560202637 751 0 0
1560378285 1666 0 0
1560440443 1666 4 0
1560452878 1666 29 0
1560457421 1666 94 0
1560459326 1666 147 0
1560460755 1666 246 0
1560461394 1666 279 0
1560520899 1666 298 0
1560532260 1666 320 0
1560541237 1666 395 0
1560553773 1666 554 0
1560597402 1666 554 9
1560597629 1845 554 9
1560632912 1850 554 9
1560642091 2289 554 9
1560687760 2309 554 9
1560689748 2314 554 9
1560691198 2314 554 144
1560693987 2314 554 262
1560695003 2314 554 294
1560717874 2318 554 294
1562836629 2408 554 294
1562843992 2408 554 304
1562876480 2730 554 304
1562917932 2827 554 304
1563126461 2865 554 304
1563134583 3138 554 304
1563135910 3138 554 457
1563145399 3377 554 457
1563205611 3377 554 685
1563573661 3379 554 685
1563625299 3855 554 685
1563626936 3938 554 685
1563627729 4014 554 685
1563630678 4107 554 685
1563648364 4633 554 685
1563648984 4730 554 685
1563650557 4735 554 685
1563659418 4909 554 685
1563659668 4909 554 938
1563893981 5266 554 938
