1560202637 751
1560378285 1096
1560440443 1100
1560452878 1125
1560457421 1189
1560459326 1239
1560460755 1328
1560461394 1360
1560520899 1368
1560532260 1389
1560541237 1462
1560553773 1616
1560597402 1622
1560597629 1698
1560632912 1698
1560642091 2109
1560687760 2014
1560689748 1912
1560691198 2021
1560693987 2139
1560695003 2170
1560717874 2170
1562836629 2260
1562843992 2267
1562876480 2584
1562917932 2599
1563126461 2601
1563134583 2865
1563135910 2992
1563145399 3205
1563205611 3347
1563573661 3348
1563625299 3457
1563626936 3536
1563627729 3607
1563630678 3695
1563648364 4213
1563648984 4309
1563650557 4312
1563659418 4479
1563659668 4724
1563893981 5009
