1559643645 59
1559646065 63
1559651315 92
1559902399 140
1559904835 145
1560185000 257
1560186067 257
1560197731 253
1560198899 281
1560278214 433
1560280849 661
1560281993 662
1560339159 930
1560343640 940
1560424717 975
1560424880 976
1560425028 976
1560437974 1001
1560440447 1002
1560440834 1002
1560464555 1024
1560506936 1029
1560509398 1032
1560509598 1031
1560521606 1034
1560521756 1034
1560534076 1044
1560534154 1044
1560534687 1047
1560535054 1050
1560535200 1051
1560535422 1054
1560535480 1054
1560535553 1054
1560536742 1055
1560536895 1056
1560537175 1054
1560617877 2008
1560618304 2974
1560619395 4744
1560619474 4748
1562864233 4762
1562866821 4788
1562876279 4935
1562876283 4935
1562878725 4936
1562878769 4936
1562879000 4940
1562880576 4940
1562926540 5109
1562926634 4940
1563087947 4979
1563089170 4979
1563094401 4979
1563140419 5058
1563196406 5065
1563198728 5065
1563566694 5170
1563572469 5170
1563629355 5184
1563629692 5185
1563636986 5220
1563645325 5389
1563645875 5388
1563646757 5390
1563646863 5389
1563654586 5425
1563659130 5424
1563715614 5424
